Planeta     |      x     |      y    |      z     |      dx      |      dy      |       dz      |
Mercurio     +0.050 8011  -0.401 1642  -0.219 5576 +0.022 318 75  +0.004 855 53  +0.000 279 24

Venus        +0.065 5112  -0.658 9741  -0.300 6194 +0.020 008 33  +0.003 054 77  -0.000 341 78

Tierra       -0.634 9052  +0.691 0548  +0.299 5998 -0.013 434 43  -0.010 232 23  -0.004 436 07

Marte        -0.832 6456  -1.178 2356  -0.517 9253 +0.012 276 03  -0.005 700 21  -0.002 946 25

Jupiter      -5.385 202   -0.840 171   -0.229 015  +0.001 099 944 -0.006 518 169 -0.002 820 667
 
Saturno      -3.743 402   +7.568 504   +3.287 166  -0.005 379 637 -0.002 232 371 -0.000 690 547

Urano        +18.381 75   -7.568 504   -3.438 75   +0.001 544 588 +0.003 135 267 +0.001 351 424
 
Neptuno      +21.253 32   -19.490 23   -8.506 58   +0.002 199 232 +0.002 084 787 +0.000 798 469

Pluton       -4.112 18    -29.568 80   -7.989 70   +0.003 169 840 -0.000 584 314 -0.001 138 225
