0.050862 -0.401151 0.050802 
0.050874 -0.400747 0.051077 
0.050837 -0.399953 0.051039 
0.050749 -0.398768 0.050952 
0.050613 -0.397194 0.050815 
0.050427 -0.395232 0.050629 
0.050191 -0.392883 0.050393 
0.049907 -0.390149 0.050109 
0.049573 -0.387033 0.049775 
0.049192 -0.383537 0.049393 
0.048761 -0.379664 0.048963 
0.048283 -0.375418 0.048484 
0.047758 -0.370802 0.047959 
0.047185 -0.365821 0.047386 
0.046566 -0.360478 0.046767 
0.045901 -0.354780 0.046101 
0.045191 -0.348730 0.045391 
0.044436 -0.342335 0.044636 
0.043637 -0.335601 0.043836 
0.042795 -0.328533 0.042994 
0.041910 -0.321139 0.042109 
0.040983 -0.313425 0.041182 
0.040016 -0.305398 0.040215 
0.039009 -0.297066 0.039208 
0.037963 -0.288436 0.038162 
0.036879 -0.279518 0.037077 
0.035758 -0.270318 0.035956 
0.034601 -0.260847 0.034799 
0.033409 -0.251112 0.033607 
0.032184 -0.241124 0.032381 
0.030926 -0.230890 0.031123 
0.029637 -0.220423 0.029834 
0.028317 -0.209730 0.028514 
0.026969 -0.198823 0.027166 
0.025593 -0.187711 0.025790 
0.024191 -0.176406 0.024388 
0.022764 -0.164918 0.022960 
0.021314 -0.153259 0.021510 
0.019841 -0.141439 0.020037 
0.018348 -0.129470 0.018543 
0.016835 -0.117363 0.017030 
0.015304 -0.105130 0.015499 
0.013757 -0.092782 0.013952 
0.012195 -0.080333 0.012390 
0.010620 -0.067793 0.010815 
0.009033 -0.055174 0.009227 
0.007435 -0.042490 0.007630 
0.005829 -0.029752 0.006023 
0.004215 -0.016973 0.004409 
0.002596 -0.004165 0.002790 
0.000973 0.008660 0.001166 
-0.000653 0.021489 -0.000460 
-0.002280 0.034309 -0.002087 
-0.003906 0.047108 -0.003713 
-0.005530 0.059874 -0.005337 
-0.007150 0.072595 -0.006957 
-0.008765 0.085257 -0.008572 
-0.010373 0.097848 -0.010180 
-0.011972 0.110356 -0.011780 
-0.013561 0.122769 -0.013369 
-0.015139 0.135074 -0.014947 
-0.016703 0.147260 -0.016511 
-0.018252 0.159315 -0.018061 
-0.019786 0.171226 -0.019595 
-0.021301 0.182982 -0.021110 
-0.022798 0.194571 -0.022607 
-0.024273 0.205983 -0.024083 
-0.025726 0.217204 -0.025536 
-0.027156 0.228225 -0.026966 
-0.028561 0.239035 -0.028371 
-0.029939 0.249623 -0.029749 
-0.031289 0.259978 -0.031100 
-0.032611 0.270089 -0.032421 
-0.033902 0.279948 -0.033712 
-0.035161 0.289544 -0.034972 
-0.036387 0.298867 -0.036198 
-0.037578 0.307908 -0.037390 
-0.038735 0.316659 -0.038546 
-0.039855 0.325109 -0.039666 
-0.040937 0.333252 -0.040749 
-0.041980 0.341077 -0.041792 
-0.042984 0.348579 -0.042796 
-0.043946 0.355748 -0.043759 
-0.044867 0.362578 -0.044680 
-0.045745 0.369061 -0.045558 
-0.046579 0.375192 -0.046392 
-0.047369 0.380963 -0.047182 
-0.048113 0.386369 -0.047927 
-0.048811 0.391404 -0.048625 
-0.049463 0.396063 -0.049277 
-0.050067 0.400341 -0.049881 
-0.050623 0.404233 -0.050437 
-0.051130 0.407736 -0.050944 
-0.051587 0.410845 -0.051402 
-0.051995 0.413557 -0.051810 
-0.052353 0.415869 -0.052168 
-0.052660 0.417778 -0.052475 
-0.052916 0.419282 -0.052731 
-0.053121 0.420380 -0.052936 
-0.053274 0.421070 -0.053090 
-0.053376 0.421350 -0.053192 
-0.053426 0.421220 -0.053242 
-0.053424 0.420681 -0.053240 
-0.053369 0.419731 -0.053186 
-0.053263 0.418371 -0.053080 
-0.053105 0.416603 -0.052922 
-0.052895 0.414428 -0.052712 
-0.052633 0.411847 -0.052450 
-0.052320 0.408862 -0.052137 
-0.051955 0.405477 -0.051773 
-0.051540 0.401693 -0.051357 
-0.051074 0.397515 -0.050892 
-0.050558 0.392945 -0.050376 
-0.049992 0.387989 -0.049810 
-0.049377 0.382650 -0.049195 
-0.048713 0.376933 -0.048531 
-0.048001 0.370844 -0.047820 
-0.047242 0.364388 -0.047061 
-0.046436 0.357571 -0.046255 
-0.045584 0.350399 -0.045403 
-0.044686 0.342879 -0.044506 
-0.043745 0.335017 -0.043564 
-0.042760 0.326822 -0.042579 
-0.041732 0.318301 -0.041552 
-0.040663 0.309462 -0.040483 
-0.039553 0.300312 -0.039373 
-0.038403 0.290862 -0.038224 
-0.037215 0.281119 -0.037036 
-0.035990 0.271093 -0.035810 
-0.034728 0.260793 -0.034549 
-0.033431 0.250229 -0.033252 
-0.032101 0.239412 -0.031922 
-0.030738 0.228350 -0.030559 
-0.029343 0.217056 -0.029165 
-0.027919 0.205539 -0.027741 
-0.026466 0.193811 -0.026288 
-0.024986 0.181883 -0.024808 
-0.023481 0.169766 -0.023303 
-0.021950 0.157473 -0.021773 
-0.020397 0.145013 -0.020220 
-0.018823 0.132401 -0.018646 
-0.017229 0.119647 -0.017052 
-0.015616 0.106765 -0.015440 
-0.013987 0.093766 -0.013811 
-0.012343 0.080663 -0.012166 
-0.010685 0.067469 -0.010508 
-0.009014 0.054196 -0.008838 
-0.007334 0.040858 -0.007158 
-0.005645 0.027466 -0.005469 
-0.003948 0.014035 -0.003773 
-0.002246 0.000578 -0.002071 
-0.000541 -0.012894 -0.000365 
0.001167 -0.026366 0.001343 
0.002876 -0.039825 0.003051 
0.004583 -0.053259 0.004758 
0.006288 -0.066654 0.006462 
0.007988 -0.079997 0.008162 
0.009682 -0.093275 0.009856 
0.011368 -0.106476 0.011542 
0.013045 -0.119585 0.013219 
0.014711 -0.132591 0.014884 
0.016364 -0.145480 0.016537 
0.018002 -0.158241 0.018176 
0.019625 -0.170859 0.019798 
0.021230 -0.183324 0.021403 
0.022816 -0.195622 0.022989 
0.024382 -0.207742 0.024555 
0.025925 -0.219672 0.026098 
0.027444 -0.231399 0.027617 
0.028939 -0.242912 0.029111 
0.030406 -0.254200 0.030578 
0.031846 -0.265252 0.032018 
0.033255 -0.276056 0.033427 
0.034634 -0.286601 0.034806 
0.035981 -0.296878 0.036152 
0.037293 -0.306876 0.037464 
0.038571 -0.316585 0.038742 
0.039812 -0.325995 0.039983 
0.041016 -0.335097 0.041187 
0.042181 -0.343882 0.042351 
0.043306 -0.352340 0.043476 
0.044390 -0.360464 0.044560 
0.045432 -0.368244 0.045602 
0.046430 -0.375674 0.046600 
0.047385 -0.382745 0.047555 
0.048294 -0.389451 0.048464 
0.049157 -0.395783 0.049327 
0.049973 -0.401737 0.050142 
0.050741 -0.407305 0.050910 
0.051461 -0.412482 0.051630 
0.052131 -0.417263 0.052300 
0.052751 -0.421642 0.052920 
0.053320 -0.425614 0.053489 
0.053838 -0.429177 0.054007 
0.054304 -0.432325 0.054472 
0.054718 -0.435055 0.054886 
0.055079 -0.437364 0.055246 
0.055386 -0.439249 0.055554 
0.055640 -0.440709 0.055807 
0.055840 -0.441741 0.056007 
0.055986 -0.442344 0.056153 
0.056077 -0.442518 0.056244 
0.056114 -0.442260 0.056281 
0.056096 -0.441571 0.056263 
0.056024 -0.440452 0.056190 
0.055897 -0.438904 0.056063 
0.055715 -0.436926 0.055882 
0.055479 -0.434521 0.055645 
0.055189 -0.431690 0.055355 
0.054845 -0.428437 0.055011 
0.054447 -0.424763 0.054613 
0.053996 -0.420672 0.054161 
0.053492 -0.416168 0.053657 
0.052935 -0.411254 0.053100 
0.052326 -0.405935 0.052491 
0.051665 -0.400216 0.051830 
0.050954 -0.394101 0.051118 
0.050192 -0.387597 0.050356 
0.049381 -0.380709 0.049545 
0.048520 -0.373443 0.048685 
0.047612 -0.365807 0.047776 
0.046657 -0.357808 0.046820 
0.045655 -0.349452 0.045818 
0.044607 -0.340748 0.044771 
0.043516 -0.331704 0.043679 
0.042381 -0.322328 0.042544 
0.041203 -0.312629 0.041366 
0.039984 -0.302616 0.040147 
0.038725 -0.292299 0.038888 
0.037427 -0.281687 0.037590 
0.036092 -0.270791 0.036254 
0.034720 -0.259620 0.034882 
0.033313 -0.248186 0.033475 
0.031872 -0.236499 0.032034 
0.030399 -0.224570 0.030560 
0.028894 -0.212411 0.029056 
0.027360 -0.200034 0.027521 
0.025798 -0.187450 0.025959 
0.024209 -0.174671 0.024370 
0.022595 -0.161709 0.022756 
0.020958 -0.148578 0.021119 
0.019299 -0.135289 0.019459 
0.017619 -0.121855 0.017779 
0.015920 -0.108290 0.016080 
0.014204 -0.094606 0.014364 
0.012473 -0.080816 0.012633 
0.010728 -0.066935 0.010888 
0.008971 -0.052975 0.009130 
0.007203 -0.038949 0.007362 
0.005427 -0.024872 0.005586 
0.003643 -0.010757 0.003802 
0.001854 0.003382 0.002013 
0.000062 0.017531 0.000221 
-0.001732 0.031678 -0.001573 
-0.003526 0.045807 -0.003368 
-0.005319 0.059905 -0.005160 
-0.007108 0.073959 -0.006949 
-0.008891 0.087954 -0.008733 
-0.010668 0.101878 -0.010510 
-0.012437 0.115716 -0.012279 
-0.014195 0.129454 -0.014037 
-0.015940 0.143080 -0.015783 
-0.017672 0.156580 -0.017515 
-0.019389 0.169941 -0.019231 
-0.021088 0.183149 -0.020931 
-0.022768 0.196192 -0.022611 
-0.024428 0.209056 -0.024271 
-0.026066 0.221729 -0.025909 
-0.027680 0.234199 -0.027523 
-0.029268 0.246453 -0.029112 
-0.030830 0.258479 -0.030674 
-0.032363 0.270265 -0.032207 
-0.033866 0.281800 -0.033710 
-0.035337 0.293071 -0.035182 
-0.036776 0.304068 -0.036620 
-0.038180 0.314780 -0.038025 
-0.039548 0.325195 -0.039393 
-0.040880 0.335304 -0.040724 
-0.042172 0.345097 -0.042017 
-0.043425 0.354563 -0.043270 
-0.044637 0.363693 -0.044482 
-0.045806 0.372478 -0.045652 
-0.046933 0.380909 -0.046778 
-0.048014 0.388977 -0.047860 
-0.049050 0.396675 -0.048896 
-0.050039 0.403993 -0.049885 
-0.050980 0.410926 -0.050826 
-0.051873 0.417465 -0.051719 
-0.052716 0.423604 -0.052562 
-0.053508 0.429337 -0.053355 
-0.054249 0.434657 -0.054096 
-0.054938 0.439559 -0.054785 
-0.055575 0.444038 -0.055422 
-0.056157 0.448089 -0.056005 
-0.056686 0.451708 -0.056533 
-0.057160 0.454891 -0.057007 
-0.057579 0.457634 -0.057426 
-0.057942 0.459934 -0.057790 
-0.058249 0.461788 -0.058097 
-0.058499 0.463195 -0.058348 
-0.058693 0.464152 -0.058542 
-0.058830 0.464658 -0.058679 
-0.058910 0.464712 -0.058759 
-0.058933 0.464314 -0.058782 
-0.058898 0.463464 -0.058747 
-0.058806 0.462161 -0.058655 
-0.058656 0.460407 -0.058506 
-0.058450 0.458203 -0.058299 
-0.058186 0.455551 -0.058035 
-0.057865 0.452453 -0.057715 
-0.057488 0.448912 -0.057337 
-0.057054 0.444930 -0.056904 
-0.056564 0.440510 -0.056414 
-0.056019 0.435658 -0.055869 
-0.055418 0.430377 -0.055269 
-0.054764 0.424672 -0.054614 
-0.054055 0.418547 -0.053906 
-0.053293 0.412010 -0.053144 
-0.052478 0.405064 -0.052329 
-0.051611 0.397718 -0.051462 
-0.050694 0.389977 -0.050545 
-0.049726 0.381849 -0.049577 
-0.048708 0.373342 -0.048560 
-0.047642 0.364462 -0.047494 
-0.046529 0.355219 -0.046381 
-0.045370 0.345622 -0.045222 
-0.044165 0.335678 -0.044017 
-0.042916 0.325398 -0.042768 
-0.041624 0.314791 -0.041476 
-0.040290 0.303868 -0.040143 
-0.038916 0.292638 -0.038768 
-0.037502 0.281112 -0.037355 
-0.036051 0.269301 -0.035904 
-0.034563 0.257216 -0.034416 
-0.033040 0.244870 -0.032893 
-0.031483 0.232273 -0.031336 
-0.029894 0.219437 -0.029748 
-0.028275 0.206376 -0.028128 
-0.026626 0.193100 -0.026480 
-0.024950 0.179624 -0.024804 
-0.023248 0.165960 -0.023102 
-0.021521 0.152121 -0.021376 
-0.019772 0.138120 -0.019627 
-0.018002 0.123972 -0.017857 
-0.016213 0.109688 -0.016068 
-0.014407 0.095284 -0.014261 
-0.012584 0.080774 -0.012439 
-0.010748 0.066170 -0.010603 
-0.008899 0.051488 -0.008754 
-0.007040 0.036742 -0.006895 
-0.005172 0.021945 -0.005027 
-0.003297 0.007113 -0.003153 
-0.001417 -0.007741 -0.001273 
0.000466 -0.022602 0.000610 
0.002350 -0.037455 0.002494 
0.004234 -0.052286 0.004378 
0.006116 -0.067081 0.006259 
0.007993 -0.081825 0.008137 
0.009865 -0.096503 0.010008 
0.011729 -0.111102 0.011872 
0.013583 -0.125607 0.013726 
0.015426 -0.140004 0.015569 
0.017255 -0.154278 0.017398 
0.019070 -0.168416 0.019212 
0.020868 -0.182404 0.021010 
