7.507385091331860716e-01 8.289840146358129491e-02
4.696000137816133124e-01 5.823653319675347051e-01
9.258720433716711717e-01 8.697947692191041469e-01
6.942323071733813578e-03 5.206114723638317621e-01
4.535789398417116036e-01 7.430932674240655622e-01
2.564696621205606597e-01 7.817363424689234286e-01
4.575220248739508833e-01 1.284342326521322741e-01
2.737886775181596066e-01 8.840955942969322967e-01
5.838767716241496375e-01 5.608858864256526244e-01
1.704458431973109311e-01 1.526139099013954503e-01
8.278682615074731688e-01 3.014382036002105636e-02
8.218707402367650960e-01 1.376871056967367002e-01
4.085457086607813260e-02 5.784782136009702924e-01
4.401705029703587568e-01 2.580407900998815673e-01
7.357247836814698738e-01 5.911468012983427389e-01
8.977631426177523633e-01 9.524215903300183861e-01
2.791490290906922800e-01 5.877798340226250140e-01
8.025036719805587193e-01 3.535257857048447194e-01
1.120445891078247769e-02 3.431806036126187065e-01
5.340381650924190815e-01 4.144500535683400821e-01
9.265101305474365834e-02 6.590340276702206790e-01
2.783527304290697169e-01 1.726941089104372384e-02
3.966296265853785918e-01 3.250788188482607310e-01
3.833426053918234100e-01 6.130582901110975813e-01
6.164743939584095278e-01 7.829880005470614135e-01
5.676912750623026582e-01 5.941121090382807113e-01
4.037226822079690303e-01 4.136926154691744628e-01
9.067841173221414808e-01 8.774924220353799154e-01
9.860323126113367254e-01 7.435255021391949937e-01
7.516453358441048671e-01 9.035403365661152097e-01
9.402083206337269461e-01 1.343201017710776712e-01
2.107025803180251344e-01 4.836846624090619384e-01
6.397998518576150095e-01 4.094208356470380172e-01
6.524429968591223261e-01 9.065117464555135784e-01
6.610148650006124615e-01 7.706423135578657213e-01
5.287653843488903105e-01 1.259562046268928315e-01
4.709643299096016866e-01 3.282395363680590261e-01
7.622482145627170746e-01 2.209672450330522064e-01
2.947128684942930121e-01 8.704685849015958432e-01
5.904546698287119755e-01 7.685685101072414760e-02
9.949164160946993851e-01 2.908480023949036042e-01
8.841487142641042407e-01 9.100314169161245470e-01
3.769015862026683372e-01 7.493918248924681391e-01
5.173839121398383645e-01 9.384819471455053685e-01
1.914500964006679018e-01 9.886632520223765930e-01
2.080200391555666606e-01 1.170514125564827701e-01
7.798799819954693735e-02 1.405490662447571593e-01
8.544825922590193468e-01 1.364125759436163321e-02
9.217639641515591453e-01 9.521752067382885931e-01
8.967194818280110891e-01 4.915768138906755347e-01
4.805973875336723156e-01 6.217976512565258629e-01
5.040313706319181630e-01 5.698646402244084141e-01
8.634127464945630104e-01 7.655958447475873507e-01
9.089826420357516312e-02 7.599532349782558427e-01
9.342488801302800683e-01 5.817380974291280760e-01
4.567338402725362734e-02 4.222054951407698820e-01
7.861894347168590924e-01 7.647165268262510196e-01
8.808397299212820108e-01 6.836847800149055132e-01
3.710517827102265409e-01 7.798260511462210554e-01
7.317124510067609666e-01 7.076215169517414694e-01
5.347419105613643309e-01 2.413849987860788859e-01
5.988210560665003790e-01 9.969650092992561330e-01
2.171760786695998702e-01 5.691967928296212120e-01
3.492842949143666331e-01 2.741357084882528605e-01
4.749980017131814058e-01 1.568289279726469143e-01
4.114455350819168356e-02 2.952360010171473093e-01
5.665193899042119119e-01 7.476776667896963824e-01
2.611083836283913939e-01 3.444402680000344663e-01
1.840349513121082303e-01 7.284144233956015846e-01
4.667718987877441661e-01 3.773344047201556695e-01
9.281944913658194407e-01 6.095863335003637307e-01
6.565551382262657665e-01 8.250273658530138388e-01
8.411478650257736556e-01 3.215129474335254312e-02
6.158544673830290694e-02 4.853009227990590091e-01
3.348020066892095636e-01 1.119107799712160123e-01
5.066067531403312119e-01 1.558469821458973170e-01
9.758520376868617952e-02 4.723371763362124165e-01
7.207038786452077961e-01 8.291244866196759711e-01
2.946442548118947125e-01 4.575069652045030688e-01
6.406230288680931917e-01 1.394142699107739913e-01
6.110391415686317051e-01 4.019158386693715279e-01
8.282379021037411526e-01 1.071098341280457555e-01
5.659943502527539083e-01 2.355438265653359009e-01
8.933403561721601216e-01 8.078415318452514260e-01
5.178459952672742617e-01 8.219173827891446127e-01
5.279187305033439248e-02 9.944694512922902518e-03
3.773588311992985833e-01 1.428143539346218294e-01
7.755597154529403348e-01 6.944077705623703523e-01
3.773797886798597734e-01 8.725794294133999429e-01
3.324997185368555597e-01 2.649942160782075007e-01
3.007563024182258182e-01 5.166899613577102812e-01
5.514236548660462756e-01 8.514261686719890587e-01
5.302182512846295159e-01 3.705374438174399154e-01
8.560258587854195911e-01 8.343508446346321605e-01
8.808884076604501789e-01 1.335316321700517062e-01
3.346524560658544756e-01 8.509840438913530702e-01
9.757625732531505225e-02 6.822540704036840209e-01
5.285166095603142100e-01 1.423816028819357982e-03
3.026990072202950799e-01 8.538094250977245059e-01
7.511547266826108515e-01 6.955566262770063179e-01
2.217592257723921545e-01 7.918393651439127323e-01
4.696483817470005206e-01 4.919082532052621026e-01
7.203610175450106956e-01 1.877952723536149282e-01
2.683867260860051118e-02 1.649690487196783240e-01
1.317516575804382750e-01 9.006193055394600133e-01
4.168341859462096899e-01 6.018237215853804445e-01
3.053502161401344672e-01 8.576755226441745705e-03
1.676554963298564349e-01 5.677986674465397288e-01
4.500777845153081103e-01 6.693737975675038143e-01
6.458012761175019323e-01 3.715839938025038425e-01
4.818500739810185340e-01 6.981749909194069348e-01
2.495585958499439982e-01 6.475189257983955393e-01
6.020101953198899736e-01 7.192475044869992562e-01
8.852572051503168060e-01 6.893508663701141126e-01
8.948001249378267907e-02 8.531005752713267665e-01
8.694165802416231603e-01 4.855794530280032051e-01
4.100135467938047507e-01 4.504157821076225643e-01
9.673674715349902531e-01 7.199305069068310248e-01
6.983106720483402974e-01 6.519283915618723224e-01
4.461105031951964062e-01 1.273678930561936706e-01
6.226706546338616199e-01 2.971855539442115335e-01
6.808206744053518777e-01 5.137582522435666377e-01
1.647402500156933680e-01 4.560561063770333101e-01
6.630764321380501203e-01 8.093359312930122895e-01
8.982048397828308328e-01 5.164336267512331657e-01
6.137905738948681300e-01 5.458613093132812510e-01
2.180301839929723595e-01 6.805054280139518630e-01
7.273252450733077579e-01 9.312033627272763292e-01
1.408421895336974261e-01 6.255817014312472502e-01
9.487996015678025197e-01 6.115145959756665972e-01
5.423783718468863091e-01 9.851423329917708971e-01
4.552306423856047335e-01 8.440187559876971557e-01
5.007729699925305145e-01 3.377582125193013818e-01
8.315619081507489296e-01 4.179643003724842210e-01
8.530555714971552739e-01 3.732529109629438846e-01
7.009348302807365538e-01 2.818756820281798081e-01
9.895315254416432449e-01 2.209017536232005252e-02
3.960591228504929395e-01 1.639060401617111751e-01
8.500725615698034865e-03 2.083556275640042754e-01
6.540035658686706999e-01 6.415978038859451171e-01
1.861042901102476499e-01 7.543595578916534317e-01
6.562321885704870406e-01 3.714800774326719734e-01
6.890446055857257779e-02 5.356182610587626458e-01
6.364556987427583135e-01 3.737291932545170337e-01
2.644505072018223935e-01 6.538167432418348080e-01
9.058784894642883945e-01 8.202854915075918907e-02
4.480028037518457573e-01 6.984054215905883822e-01
6.038146521363010333e-01 2.588365124317372201e-01
9.455766209686997659e-01 2.558232946131130392e-01
8.685161843867438280e-01 4.938864178888975331e-01
8.855035301697415928e-01 1.089962144199199123e-01
7.850973734799088222e-01 5.387188046330145808e-01
2.782077672777101274e-01 3.877783065125798290e-01
7.315040647702077958e-01 4.079355810163720619e-04
9.643187093531020437e-01 3.846949035595772504e-01
7.265718281534170320e-01 2.106265469691294134e-01
8.100733362048345709e-01 5.891439424924259649e-01
3.405870848707883702e-01 2.171234991734681818e-01
6.044967521049819936e-01 6.960261199627675310e-01
7.860095986944360957e-01 9.093583994081658739e-01
9.788032293731847577e-01 2.750557881605995014e-01
8.817787842891708916e-01 4.021950907557594324e-01
3.070039880309477498e-01 7.653888008721986269e-01
8.371395300639957737e-01 8.741197110439520301e-01
3.822335580963568402e-01 2.108301168594963748e-01
3.053437864071381069e-01 8.815064367369666032e-01
9.794604024828679201e-03 9.890479079196088374e-01
7.570931718904018171e-01 3.729065633785763056e-01
2.711167031106327396e-01 2.850478222413759255e-01
1.495658414507154976e-01 9.310689580926997388e-01
6.007753112785954031e-01 1.732150399773033644e-01
1.767066061562342361e-01 5.214525771421330003e-01
6.068358139726102163e-01 9.964484200595651320e-01
4.504545204287052629e-01 8.588662789935362918e-01
3.337868348057625445e-01 8.867273839708392780e-01
8.989584692304565250e-01 6.336129190465012995e-01
9.014723523273815431e-01 9.017330600934095886e-01
1.587761499338629090e-01 7.734762138318914682e-01
4.060487671350497818e-01 7.989584057965088970e-01
5.852507364620105346e-01 6.499073189009549889e-01
4.882190702909572355e-02 5.088253986252617711e-01
8.420875199843830261e-01 7.892067113746673579e-01
9.802972800264532216e-01 7.957355013823660395e-01
9.939066009286133818e-01 3.723482461292970669e-02
5.129131498201716655e-01 9.196516218511059382e-01
7.933872469801437344e-01 5.649409769212669907e-01
5.529063611745409501e-01 1.180128258527928242e-01
3.670394792489395375e-02 4.481777406231054472e-01
9.942591168015643133e-01 4.267966412831604162e-01
9.718935682841675083e-01 6.768978300902495082e-01
8.506279848229820750e-01 9.392164848206707717e-01
9.501533374707049617e-03 7.872164534125279944e-01
8.657434075257142148e-01 9.098825517431010645e-01
5.018600786228967214e-01 5.346858756644790045e-01
5.756394542619278631e-01 7.544120044727773422e-01
4.024334345544524627e-01 1.062683285819332468e-02
7.071437593200213811e-02 1.562525715114315705e-01
1.426934686523236850e-01 1.146425404003210691e-01
8.105854070968598890e-02 2.574658266931916240e-01
6.472001000692242378e-01 4.812993796377507127e-01
4.263331531921085160e-01 8.224473963668540444e-01
9.146353245359223338e-01 9.853124357179664505e-01
1.883220558938208944e-01 7.815763091124486861e-01
1.001197882432457442e-01 2.769357683238324874e-01
7.856278513538246244e-01 3.190626690304907420e-01
2.578989831983871106e-01 6.890113323867873563e-01
1.192829438021569821e-01 2.382561448561275608e-01
5.038764306439160734e-01 6.249563119168192182e-01
4.786530897140974794e-01 6.611344457819282594e-01
7.166755794503775201e-01 5.512774937845459355e-01
2.585142560499482656e-01 9.416607211492693530e-01
8.319552700274419621e-01 3.856043701566225224e-02
4.567221233005677172e-01 7.721151602918023826e-01
8.902327130527787347e-02 6.775075946011166472e-02
5.059878264342626553e-01 2.807217118919251853e-01
8.705742270237908365e-01 6.816857666468800758e-01
2.272555615303223364e-01 6.016124483967798531e-01
2.100633769687472174e-01 9.022525887609558204e-01
5.505357044782965836e-01 5.578098723447666440e-02
3.137011344818811942e-01 5.590286002826266865e-01
3.296185966620369667e-01 1.469880277904414001e-01
7.661600043118818038e-01 5.537650745500538596e-01
9.072506075410435855e-02 6.287463907190316004e-02
3.396535055670797387e-01 5.031555252862018879e-01
4.652692985942376014e-01 1.993562324603134206e-01
4.642426928917334772e-01 1.740945908679862875e-01
6.666934729907253443e-01 2.341203615989352338e-01
9.013520069317785266e-01 4.244990553815253254e-02
6.346630111471252000e-02 1.768862054608607570e-01
7.741304634622528935e-01 9.163627441778641192e-01
1.844326738377307651e-01 5.611509976173191250e-01
2.275775432170692447e-01 2.731556786882156640e-01
2.665099344657189118e-01 7.174736128636005628e-02
2.898705611663889847e-01 5.482922487177189774e-01
8.120145281759658662e-01 9.293262470330290181e-01
7.390291754337524610e-01 2.100320591755081567e-01
4.993789002735591342e-01 3.595677134460073532e-02
3.935865120924518790e-01 3.420304751001748134e-01
3.771605006259062254e-01 7.831798013925460600e-01
5.648332587904134616e-01 6.131578149426741842e-02
2.088845830291707895e-02 2.204506662789784688e-02
6.937335864089091420e-01 3.786279923217293897e-01
5.976477784996505616e-01 9.750721100887950188e-01
2.307565945636098625e-01 2.918518122595055164e-01
5.410632825629958509e-01 2.196968535501820918e-01
9.350758052705779866e-01 8.970870872783288652e-01
3.235071787063780180e-01 1.422370801201782164e-01
3.254787911453430604e-01 6.112961055026524537e-01
3.431827438748136228e-01 9.599900974294839351e-01
1.590118089346881369e-02 4.879772438627456577e-01
6.999433859268262559e-01 7.033012595611773943e-01
5.550957019217040989e-01 2.070590582090925391e-02
9.269403076420381637e-01 6.189901993020566762e-01
5.515514435245720826e-01 7.802493930284072343e-01
7.737887609363027774e-01 8.347048300758804773e-01
2.709382943909695030e-01 5.425657855757891612e-01
2.221728928452842977e-01 8.940489415413077623e-02
3.969195884196258239e-01 8.839054700756530103e-01
3.773287245288332592e-01 5.613948380055896470e-01
7.602823097103533767e-01 1.482646934970244246e-02
8.627941000867537236e-01 2.835193503998332254e-01
9.250332686810820437e-01 3.912752041558961169e-01
6.876654740406074051e-02 6.617809435835994014e-01
3.036201400419089591e-01 1.681288995771212935e-01
2.633127271138312464e-01 8.078118001565245399e-01
8.916056062973389817e-01 9.091821584645825016e-01
4.484174227895886267e-01 9.953390521104139577e-01
4.333963982337724063e-01 7.141782804701644061e-01
7.311896608468142489e-01 4.856581228870697764e-01
9.129226094543568815e-01 6.085100164007917201e-01
2.709324193919881996e-02 7.754969788248027296e-01
5.007989604329652344e-01 5.360195062294943469e-01
6.420929182667034496e-02 6.286507008041712918e-01
8.147890657071751308e-01 6.347102915903145570e-01
2.931047901199496097e-01 5.233551511939376066e-01
4.449687373175976735e-01 9.946570837618273764e-02
8.315161761779600313e-01 2.159405787448843705e-01
6.502826022164613917e-01 4.116999328566484095e-02
7.691921967676380589e-01 4.040744716512689738e-01
9.251849213638880798e-01 6.618466215748527448e-01
8.316677411030325429e-01 3.633373507718774542e-01
2.147958563219698469e-03 3.586832447925161205e-01
7.081942465110468987e-02 5.461742320035222198e-01
2.853938907760270594e-01 7.208114661719499106e-01
8.824562919732330535e-01 7.671709476632778690e-01
4.273909034557383801e-01 1.526271302234952776e-01
7.782224150514032157e-01 3.058651571051298479e-01
8.843730160311535915e-02 7.184234473973404311e-01
4.482692473704529279e-01 3.980251639819336607e-01
6.579450287152051047e-01 2.242710039599260519e-02
3.738187642593291393e-01 9.187034418216146747e-01
2.041820773378820730e-01 5.874667400295574549e-01
3.837930084481281368e-01 3.810496969924914712e-01
3.804680203845236530e-01 4.435336775215512617e-01
4.954563339036199832e-02 8.940833940057736351e-01
5.995110302974682170e-01 1.677121269162017425e-01
5.632254815982751239e-01 4.341733218414937090e-01
3.992441310793386489e-01 8.267440222116012594e-01
5.258401598447575154e-01 4.735154855200451873e-02
3.524562818781243889e-01 4.510537537861661894e-01
3.146144548295345400e-01 3.288826749868286603e-01
5.584707263706271130e-01 5.876895043512472272e-01
1.129710626195444823e-01 6.153214875073337309e-01
4.486518075882843792e-01 7.787397205537350819e-01
4.489917612012617187e-01 5.661451805954059724e-01
3.260433816067442869e-01 1.945345702697186541e-01
9.253583077610778584e-01 4.734871157961842991e-01
5.838206656551694351e-01 2.887762884075185665e-01
4.500254725200724115e-01 2.298400726005341843e-01
8.963971120323954711e-02 2.382482162600595421e-01
7.645920870710600781e-01 7.074482294992847642e-01
3.411448459640886721e-02 5.387665533940373397e-01
7.875006642622003339e-01 4.009204799308330180e-02
2.109903696920073513e-01 4.326047711725679035e-01
8.296568073594611237e-01 9.193536804641833093e-01
5.881939001083891227e-02 7.961263025779812263e-01
4.868452472134781051e-01 4.381560763368776978e-01
1.442360462950611488e-01 5.854144602692060717e-01
5.521658907833597585e-01 2.399481269463654698e-01
1.618648079527340577e-02 9.169077560786188519e-01
9.206072758951189261e-01 2.377421240041033279e-03
7.019418306435186716e-01 8.759983629806811223e-01
6.455583650026903708e-01 3.086946835420829593e-01
7.029255897971322664e-01 4.534009051128485845e-01
6.322749789643659080e-01 8.026981605514099671e-01
5.056779850198734882e-01 4.253183138219781556e-01
5.774688737089156421e-01 7.002209003854917846e-01
4.465774134854080257e-01 8.889275767476106926e-01
8.153573202083002069e-01 2.365116873290441513e-01
1.497714714161191285e-01 6.948867835653534941e-01
1.599735190982898292e-01 2.710685812305259068e-01
8.120859127655275511e-01 5.961201095225863167e-01
6.986089264363978257e-01 9.785669318604683919e-02
8.157677010513809668e-01 1.531064364822536383e-01
5.468229660152978955e-02 9.360733893624997304e-01
7.626218722825763852e-01 4.307307440118968156e-02
1.612590543019034595e-01 6.679488649525333610e-01
1.711208869372238262e-01 4.217826940464441954e-02
5.666629646533827280e-01 1.715602559817712702e-01
7.762042762327270307e-02 4.992716016043117211e-01
2.283246072811263572e-01 1.478944172508637189e-01
1.652700844997458951e-01 2.986942342379979021e-01
1.867953423790682521e-01 2.730891707696747606e-02
8.200353733149161606e-01 6.530132497290410676e-01
3.826332333578508216e-01 9.689431142967878108e-01
2.895885547813571437e-01 1.314757913921805743e-01
8.325341381637757499e-01 8.737632493841199777e-01
1.026366332626666988e-01 9.739246653379689533e-01
6.419655094159252284e-01 5.182191701705521902e-01
5.814546900688994935e-01 3.360051708123200642e-01
3.862528926484875003e-01 6.216416890435306764e-01
8.725146911088174084e-01 2.989136288232596694e-02
6.692947198776066919e-02 4.164828900120678412e-01
7.825619544054103205e-01 2.007141549197656305e-01
1.419337925622412566e-01 7.384199193992423416e-01
4.780678103903190923e-01 3.519938604871059029e-01
9.126871931314969322e-01 5.666148207730381525e-02
5.219121677522744474e-01 8.269122254392372584e-01
6.820682932990312919e-01 4.440593400590375772e-01
5.857681052278284062e-01 8.161749162702788274e-01
4.738500409821023718e-01 3.750700220322962242e-01
4.880209150473968638e-01 8.095129129828815273e-01
9.539589633813404523e-01 7.290978593479446879e-02
9.593631383940788293e-01 9.100635084803874175e-01
5.968441958376222711e-01 8.460753883707340384e-01
1.234547448992432406e-01 3.134729989062245981e-01
6.034029276305470368e-01 1.707628575587570863e-01
8.189091814968678662e-01 1.846603312195603808e-01
7.201191978391224824e-01 4.513251507055954237e-01
7.780153413868009515e-01 5.926531176204167251e-01
3.883316963503781194e-01 7.650390922207224165e-01
5.248279085118303655e-01 5.954174100363996969e-01
8.573305684270645655e-01 1.648383915379696418e-01
7.986644922744309261e-01 3.175855414038225577e-01
4.407786963929933854e-01 5.127151338094112498e-01
3.940603435555591894e-01 5.125337374247885824e-01
1.417456521830289251e-01 2.349462197613653158e-01
1.709359953718169178e-01 6.559676465791143274e-01
7.413117633066156342e-01 6.393577855197818405e-02
8.146312125133404747e-01 8.777960650279732491e-01
8.196082545918557116e-01 4.807742256092361055e-01
6.762993935612071628e-01 3.408270944732082475e-01
2.577188294242297451e-01 2.763432241438317227e-01
2.453297989086523634e-01 8.357014665041312407e-01
8.261259654287774756e-01 1.249747437474626466e-01
8.788193955889546105e-01 7.201744472236768502e-01
5.916642917650483113e-04 1.098682222153699595e-01
3.074235452707422267e-01 3.683094471095010869e-01
4.176891815091379190e-01 5.839559428724091505e-01
8.670042018697959874e-01 4.078283667709405869e-01
1.447470559844687976e-01 3.119498760529237913e-02
5.689359978051053979e-01 2.356914042666288234e-01
7.051195424740219764e-02 2.732764515517593917e-01
1.838453008764606711e-01 2.540202364685734127e-01
2.465448694840340904e-01 5.342587857523819483e-01
7.318505139663253889e-01 4.162131842475859100e-01
5.378706686857154251e-01 2.209272540515192507e-01
2.737963552568983827e-01 8.229720310901305069e-01
5.298302483754055991e-01 6.140846011786926795e-01
8.467653824716880884e-02 3.700924225313891869e-01
3.743238833822725153e-01 1.780013178811973296e-01
3.438603349176388990e-01 8.795124211670982683e-01
3.378737949366061866e-02 9.427204685260271999e-01
9.222821384344103146e-01 2.611740749778940218e-01
8.566447321628438694e-01 2.558982160462274225e-01
6.933844822751815684e-01 3.775118044848451149e-01
2.145564228910675775e-01 6.970239584395502286e-01
2.040402533409771957e-01 1.796402128421346056e-01
8.001977150202924660e-01 2.751775384150922932e-02
3.484490599969176650e-01 1.743799759671086358e-01
2.700926154429065251e-01 1.564835989314161679e-02
2.362008991598485430e-02 9.729264086278150980e-01
2.618741148267987873e-01 5.187350652170562570e-01
1.777604883133627744e-01 3.463444662418931896e-01
9.208330097641060918e-01 6.778230208544558932e-01
1.817794414135578407e-01 9.671387645063753702e-01
6.742255424781427031e-01 8.094331880787563049e-01
5.910595798089717245e-01 7.959776872767281297e-01
2.329575060035681267e-01 4.969559378084439372e-01
7.424865710713225431e-01 7.085323667324872066e-02
6.753189697681046821e-01 9.047080432313825415e-02
8.815625803759218337e-01 7.355264300900863361e-01
4.463924734490920532e-01 7.605420718718401973e-01
4.519983111864389613e-02 8.163892910171092199e-01
1.348921273429082301e-02 7.695959496372787312e-01
1.631809750989863250e-01 3.646911743282443830e-02
9.941315846084914920e-01 4.260010698503269300e-02
9.942660870531956352e-01 7.984094780369105360e-01
6.465845424017192533e-01 7.420857636249190703e-01
6.322351482393648858e-01 8.405453621973354439e-01
6.177257324897604818e-01 1.496120534346532249e-01
7.800030668258179922e-01 8.879188125475044879e-01
5.528646065528259879e-01 2.888670465882955396e-01
7.512716712782557815e-01 5.594142754079189928e-01
4.089293120141300752e-01 5.753027438249761483e-01
2.293071328208784454e-01 1.824484528802113870e-01
8.915418320603435420e-01 4.602574387979911918e-01
3.130314065897599196e-02 6.070787319285975148e-02
8.826055585916395829e-01 2.909899849256328830e-01
3.716563870592082264e-02 2.359182629185383462e-01
5.061617216125693375e-01 4.528636727275725526e-01
7.771420751721087594e-01 2.422513754254140839e-01
8.556667098908866675e-01 8.178385789860912469e-01
5.461663873901800859e-01 3.529603679910255920e-01
6.021345354319007637e-02 3.367505478931988039e-01
5.942147855698250991e-01 9.552239597436021912e-01
8.571805343339815586e-01 7.862205942418495352e-01
5.431335037320823567e-01 4.317383805303776079e-01
7.047341472367614212e-01 5.713565417536623503e-01
7.848647472649107337e-01 3.899487782098458588e-01
1.386215159782042683e-01 5.461303310022103119e-01
4.449039302511048621e-02 8.116043572239333148e-01
4.581514423031595173e-01 5.280930502013059247e-02
3.290701812976337681e-01 2.280221384656921924e-01
9.197939741646056211e-01 5.084087607437758338e-01
2.307345049753067867e-01 6.721202571642770351e-01
3.406220146740742694e-01 7.783087538428365981e-01
9.965322901688217216e-01 3.283930981024618667e-02
2.376186491563277992e-01 4.334691315281294921e-01
2.964926602615826079e-01 5.393144806084539944e-01
4.733409905586760669e-01 3.810344462131499688e-01
3.629077504881983440e-02 2.011528785578819978e-01
7.549895708930283167e-01 7.782155903635853411e-01
2.409170015188155656e-02 7.949150301348666403e-01
4.577280497571321050e-01 4.526269736267690691e-01
7.090862833441339275e-01 9.333510946240421990e-01
9.464210427960980665e-01 5.361785892132565623e-01
7.452324449455621780e-01 9.562503511110143073e-02
2.662698293496372770e-01 1.091910105776434659e-01
1.350770512820991254e-01 1.876641844486230948e-01
5.471415363533793652e-04 7.689469324016490193e-01
8.756182639917992061e-01 9.101460503581420003e-01
1.801737840194449491e-01 2.808864252464352562e-01
2.984143198804600772e-01 9.265493125535000374e-01
4.029062760565413903e-01 4.566723372813559223e-01
5.914789960414402747e-01 2.421023984770479531e-01
3.516009297164932601e-01 7.362860141668806646e-01
5.740720783818564765e-01 8.934699668978756115e-01
8.314693696933400657e-01 7.955940144516112644e-01
7.735196895856164545e-01 3.907208806851460992e-01
7.373786211713400096e-01 2.759205096294148341e-01
8.996838190039276872e-01 2.332682164377181122e-01
3.877683046118485244e-02 9.008624037550669872e-01
1.661597144470848830e-01 1.268214337820533499e-01
6.390128263622341098e-01 5.843525517636027899e-01
9.320796061050824477e-01 1.656660946542372059e-01
8.267222269020975123e-01 6.814052696740582338e-01
2.395814767054309513e-01 1.506449286730419113e-01
7.276558004872073493e-01 4.766538341880417473e-01
9.079842219395195535e-01 5.743970963155675680e-01
9.581512570027255205e-01 8.771896690499755289e-01
4.761773700378013618e-02 6.364740378182597302e-01
1.660131815789831489e-01 8.161579898520654464e-01
7.150355546821137720e-01 9.183200021576221062e-02
4.943296667424157409e-02 5.923913967053240359e-02
9.541304019975271888e-01 2.337462529353284690e-02
5.873724822647266031e-01 9.414338233033699987e-01
4.825811500610782678e-01 3.585644126772932205e-01
1.051040131957364787e-01 4.550393773357994665e-01
6.352239911950285922e-02 7.958663029563762814e-01
1.662361427478633580e-01 8.306352042773043065e-01
4.687055194419342818e-01 7.600319805879396373e-02
9.715653638446382079e-01 5.032487660031655929e-01
4.013769477566982991e-01 4.028750149669195757e-01
6.765327840730381848e-01 5.443014124249323515e-02
9.618505050177486027e-01 9.038625541705143096e-01
5.215805083514968299e-02 5.386527300883549030e-01
9.780718180955615404e-01 9.908790759885394150e-01
7.759558533941004477e-01 9.753211812085321730e-01
7.797687894848651657e-01 6.447906443460865722e-01
5.366689512455637967e-01 7.829769206182450869e-01
3.166899477640922056e-01 4.530240818081443521e-01
8.744469474837947010e-01 1.111147433653920658e-01
7.160260708357103487e-01 3.059503469973156031e-01
1.575265333757178698e-01 2.873086178722997763e-01
3.028405648085262802e-01 1.005243517370568718e-02
9.778298826100283447e-01 8.074375975644798586e-02
8.748308886520811400e-01 9.313873547458659807e-01
6.287313279195576587e-01 4.188040757824307292e-02
3.019506229273581921e-01 4.604070886866357126e-01
8.740623486478034110e-01 3.556246646529069855e-01
6.839108971095508860e-02 7.270639771276621310e-01
2.627238957392539209e-01 7.404253942855421045e-01
1.472877732024679975e-01 3.574998002854617996e-01
3.423563777666508434e-01 2.916548255515027943e-01
2.346746286130467762e-01 3.585763819038683131e-01
9.315634292439276543e-01 1.264643518051740134e-01
5.619148316600834914e-01 9.852094477340438416e-01
7.042264255547008300e-01 9.191153007579222489e-02
5.422395544323493910e-01 2.627196827520669187e-01
7.739565516012006929e-01 4.714114250822339924e-01
7.612453899550623015e-01 1.932580621029053036e-01
8.431300115758189051e-01 1.006879104137672343e-01
6.383500412062482754e-01 4.267271139281133552e-01
1.091958077759747070e-02 7.867276804819302027e-01
8.181222181924594494e-01 3.502508352227600152e-01
8.416521294577234968e-01 3.876770262678724821e-01
9.150212227863308012e-01 1.484906820251085113e-01
7.695281316970850050e-01 4.116514340388142124e-01
7.804526993301899029e-01 8.638911564427691481e-01
6.019331703016292945e-01 3.900252699621119534e-01
1.125404800083787960e-01 5.222922666842731987e-01
8.704070520056789162e-01 2.735285215251225255e-01
4.674214782786281219e-01 6.218802467450561533e-01
9.821638032267100415e-01 9.178303617452482355e-01
8.078859232652206845e-01 3.006308225763206776e-01
9.209323711792579692e-01 1.868398709962417747e-01
1.958844911943081746e-01 2.161385540428990559e-01
6.705557834055883015e-01 2.700734047857996645e-01
6.943259894264068866e-01 1.940687820188694568e-01
4.784112413121544005e-01 2.440543113606188363e-01
7.141119854338413564e-01 9.147285915748384344e-01
8.787925477304603383e-02 5.162125622886615250e-01
1.573324833958904545e-01 8.195719219549417733e-01
9.821160085021083397e-01 3.611988483445760512e-01
8.934605789434066914e-01 8.835331760389513178e-01
4.396095185127639748e-01 4.205384546495569698e-01
1.307340745574046004e-01 6.404801475694963386e-01
1.532634308316087601e-01 9.681474771189151340e-01
1.857505409523801942e-01 5.653096398097217090e-01
9.763222455791127352e-01 7.308619556230846470e-01
2.570484361836256060e-02 4.853534383483549819e-01
7.932556985469075839e-01 1.837761955116390400e-01
7.096646053701749501e-01 9.143172309356348837e-01
2.192066254087097210e-01 5.130984024013129918e-02
7.203342470652270846e-01 1.384529329112118567e-01
1.644199828960714038e-01 5.072676717158942639e-01
8.077581517423743085e-01 7.611956318343950922e-01
4.506481022407279324e-01 6.003722379995449776e-01
6.562524406603241767e-01 3.143059742253995203e-01
9.848822463760920076e-02 7.517421418274280454e-01
2.901207204809861384e-01 7.769303420296932439e-01
2.946675662257005612e-01 4.487812403547543072e-01
4.844604127744198685e-01 3.784948290739473808e-01
8.131328461654272477e-01 5.871427281358349015e-01
6.230868378942195918e-01 6.631130188827771832e-03
4.947467226725388301e-02 3.945288283517849326e-01
4.211840839783108636e-01 2.636895023866099308e-01
5.749698165031513764e-02 9.392404264703951844e-01
5.953393683337259157e-01 4.230480241366206817e-01
6.688457403621991260e-01 9.843280296197719492e-01
4.747275447310043139e-01 3.637526375605136808e-01
5.291837400672595448e-01 8.384624489764334054e-01
1.153822427158571751e-01 7.994170899352301962e-01
8.215719267678822657e-02 6.464915988837105498e-01
9.789439866466795870e-01 5.953845253517062730e-01
6.465453420085770508e-01 3.213375244763140293e-01
2.509020794826015699e-01 6.332723596859078929e-01
1.928663402931390936e-01 2.741796965319589496e-01
8.177378409888826916e-01 3.193843843401744653e-01
8.722919144709252448e-01 8.848604933476028611e-01
8.749310367167247859e-01 1.419146807439042313e-02
8.948701997027415089e-01 4.136902110375295649e-01
9.891469121074952797e-01 8.808678675109200551e-01
6.449863394771393477e-01 1.023924620341747360e-01
1.929063209711632254e-01 9.325082545697034320e-01
9.796628340074909902e-01 5.067292825593175953e-01
5.964380838020802988e-01 6.845442384284966542e-01
9.431836360450029932e-01 5.995236338212203142e-01
7.458964956601148444e-01 6.730271241662710846e-01
1.819893870707525174e-01 6.212015798646415288e-01
4.065496349605239867e-01 8.526685093793098247e-01
2.479571267879899787e-01 9.528018427032614035e-01
1.170487075094533980e-01 9.779249886370110501e-01
6.876032068979304190e-01 7.653995586064604728e-01
6.549878016089183408e-02 8.946811961863472273e-01
1.794055576644492112e-01 3.291243884490522298e-01
7.024435607784019764e-01 7.635893287959347742e-01
5.929547156417132037e-01 2.571246867885492726e-01
6.474697028110619756e-01 9.640087040046068090e-01
8.139408202429992967e-01 1.775872021552347135e-01
3.598447787028447031e-02 5.037592968189594789e-01
6.044949518238096342e-02 2.412076739314376050e-01
6.978945776561913394e-01 4.608354735439220695e-01
9.030186540359566028e-01 9.527529050067227168e-01
9.500255903215764075e-01 2.390705872931174758e-01
4.933150019038062828e-01 3.425444925789536965e-01
8.165652152387179452e-01 3.823029114929810124e-02
9.305326215474649665e-01 8.093920877394354951e-01
1.816824594275728844e-01 3.652395518768680738e-01
7.179008256180311465e-01 5.525691174625955160e-01
9.247834183905585537e-01 3.268589848020041488e-01
2.494604051235116415e-01 1.874382414863174917e-01
3.999672441168833359e-03 7.311004384112648191e-01
3.615782280682017236e-01 8.484644986510785358e-01
5.931752303414205008e-01 1.601076366119280614e-03
8.311625041656303114e-01 7.195351651039679775e-01
7.639303612462022830e-01 9.899223872247340239e-01
1.085590724205400814e-01 8.200425835524727258e-01
3.670093085197646543e-01 3.363964192034563094e-02
1.244706553415034778e-01 7.938296604793408928e-01
7.783158476376833557e-01 4.592033286455183827e-01
1.691063300345322373e-01 4.416768309987728625e-01
2.676809659892190885e-01 1.370640607153241763e-01
5.907601369674151393e-01 4.408832211949443858e-01
3.179722824277303461e-01 2.179740641743280749e-01
1.568597114727787734e-01 7.331372272902623166e-01
7.818260163316169686e-01 9.187191133272156751e-01
1.173974970591286082e-01 4.402914042492993563e-01
5.269550021578397470e-01 4.645320430977056825e-01
9.985614804125232391e-01 7.197726199955407633e-01
3.814777788852392604e-01 8.762282908014049632e-01
1.740404868854690257e-01 1.014417435274644896e-01
9.267034732566543642e-01 1.588842714932994227e-01
9.335352192133520299e-01 6.850931102996483668e-01
3.562316824209248445e-01 9.048152476109490028e-01
6.376793749550537793e-01 4.315793600739551428e-01
2.508667233375835304e-01 8.021440363330143430e-01
7.540328654673748021e-01 8.667612081662253720e-01
3.100860746176505867e-01 1.869259085471813853e-01
5.199079443131915390e-03 6.052422238926438158e-01
8.558210333616352861e-01 1.710725672218972315e-01
3.551450866619275670e-01 5.647769306658925181e-01
8.162299669431068994e-01 7.768982386576543941e-01
5.187417034756544032e-01 7.953672953054490291e-01
6.994772149405666939e-01 8.388157935721486380e-01
4.244208458835951880e-02 9.820017505851647011e-01
1.359131220452458599e-01 3.207564750780167451e-02
2.706665844957173439e-01 1.138178939242742160e-01
8.714757631171682339e-01 2.541478227473015217e-01
4.829992607760555945e-01 8.885052621318408894e-01
4.073257800760096137e-01 3.045157437622917351e-01
7.449831063559188005e-01 2.104689984968799443e-02
4.745302398335989880e-01 6.507116310746602350e-01
6.264986614744527671e-01 2.775228744169069284e-01
5.927894387429419876e-01 3.048749477446306422e-01
3.192972298450508228e-01 2.121575484697858505e-01
6.002277915420295429e-03 2.136346807746893894e-01
9.517357973056922438e-01 7.694169657540841367e-01
1.007318588306220786e-01 5.517060587683186856e-02
2.153545713128782735e-01 5.341734580661269272e-01
3.994716631498770321e-01 8.520177573016003425e-01
2.482302751681894071e-01 4.346178590635997319e-01
3.396916245175234383e-01 6.918797776425570367e-01
3.796790884037755109e-01 1.023545257649249862e-02
7.370884304032068179e-01 9.701340568320249158e-02
2.311451197782289357e-01 3.207282083878358891e-01
3.764815231458207290e-01 5.784646855203875448e-01
2.994909142339365893e-01 2.493953280364898939e-01
9.701422027722861330e-01 9.278273811452477648e-01
5.363985800502402146e-01 5.917492812499991484e-01
8.597806387989188615e-01 7.934531531958619599e-01
4.790465095153859654e-01 8.102364214650057406e-01
9.418233692691051484e-01 5.178025979178267901e-01
4.395180729507501827e-01 6.369303613855546997e-01
6.608633615004037010e-01 9.182288420075583879e-01
9.825168738123234435e-01 9.158962085378112850e-01
3.090015409711510674e-01 5.352011424621865299e-01
4.027956119132706236e-01 6.826937872040934607e-01
4.945229203908708682e-01 9.546365537348967534e-01
5.747232233934431722e-01 2.967860192032638622e-01
8.130707631119626910e-02 2.108438711884441652e-02
7.364730848669776009e-02 5.271410043391288047e-01
1.473847482916081919e-01 8.829501984042653628e-02
4.247399549896432314e-01 3.413889220399939362e-01
1.565608118106058821e-01 7.052279556206808575e-01
2.713840063828959481e-01 2.181188886188464293e-01
5.041326449547528510e-01 9.215283203002255785e-02
5.580277880836134186e-01 5.466026901303653318e-01
4.669740566907146784e-01 5.356576778521584536e-01
1.214370605696000194e-01 1.000880856915187245e-01
1.446759130102230895e-01 5.579637430259887232e-02
6.882532540089066897e-01 8.323927159610652327e-01
3.609016663666513303e-01 9.751366702474942860e-01
4.651883944755106359e-01 3.565558193335713888e-01
3.497446036103281086e-01 7.048144331872124857e-01
4.092655751462381808e-01 5.173039375229150361e-01
5.808706137609006559e-01 4.877737610741855745e-01
2.880345689563035272e-02 3.041845260632435322e-01
3.814422783955170315e-01 7.712242518145273618e-01
5.164416933558807488e-01 1.886885782719162075e-01
2.809957910841140993e-01 6.700849081029925935e-01
7.425373865456731393e-01 3.271437710310467484e-01
1.431991217178925080e-01 5.511277570989445707e-01
7.829938145025012730e-01 9.008342710066873371e-01
1.866879120503753819e-01 7.509996056559786748e-02
6.924106316154812202e-01 8.562909302826755553e-01
3.653738212975966571e-01 8.092202295912618304e-01
7.302585401377432728e-01 1.560704633085663318e-06
1.083093650534646679e-01 6.828251044779708456e-01
1.098566935462590433e-01 6.091337246991961329e-01
3.643265009072997884e-01 2.813997614235840272e-01
5.511184196613339026e-01 3.040141580372237584e-01
8.529435615419392880e-01 9.517431278567131114e-01
8.242552726165814914e-01 2.173175276268550782e-01
2.815992603489441137e-01 9.024333786669418433e-01
7.754945349203054006e-01 3.566132738040633798e-01
9.325300720896405604e-01 4.864275246036184885e-01
4.115892493454748058e-01 5.779384292188117778e-01
7.534870992224839137e-01 1.931504827939162228e-01
5.144887455356458306e-01 3.916136495879364299e-01
2.186888598716707488e-02 3.386027961563137234e-01
3.666493251202852521e-01 8.529185420076361712e-01
3.389014471292473019e-02 4.876821004457656539e-01
7.067168368108737164e-01 1.440748409503641581e-01
1.189060556022374371e-01 1.692375760072899471e-01
5.729809406166310737e-01 2.611614150421848191e-02
5.154517152480666553e-01 7.210237892073227961e-01
1.821644623300037180e-01 8.326409062984895249e-01
4.490603279154170568e-01 9.662082109156481247e-01
8.735295559128275489e-02 9.418517437062065012e-01
5.124741215012678097e-01 4.778320989685156395e-01
6.087659008767961621e-01 8.355434184068849524e-01
4.251055337456670635e-01 4.041468805987757928e-02
7.776485360914811018e-01 2.848110510533463646e-01
5.394135858412081319e-01 6.099589500319265722e-01
9.740618127769951062e-01 8.328158127337662586e-01
8.330757129033486974e-01 2.911954380533123832e-01
4.464000256776198272e-01 6.523389399757547613e-01
1.792670271035787799e-01 4.198543246265311613e-01
6.126632117359196439e-01 1.732561865406564428e-01
9.276893105923822436e-02 5.749133461330379058e-01
9.652086986357666376e-03 5.991900517738664167e-01
2.905046679337943694e-01 3.189457998337227318e-01
9.578337479193671511e-01 5.456556360938180639e-01
5.940449085117386341e-01 1.874629782001675515e-01
9.406698330574294609e-01 7.949414798689335981e-01
7.382794221273121238e-01 4.805230174100005858e-01
6.560513552817313077e-01 3.264594639136243481e-01
7.404881288120560567e-01 5.571810067018553303e-01
3.813950678614419498e-02 8.842222736429146135e-01
4.755658540157614578e-01 6.019821500613566911e-01
9.335573139798714060e-02 5.005770173348766949e-01
6.112848917641554580e-01 8.131285153180078940e-02
3.758709412898129099e-01 7.445955450784237373e-01
3.139496440859420590e-01 1.537573058304957385e-01
1.447230879864691566e-02 1.548367058779487326e-02
5.029344784624107945e-01 2.189942139009157795e-01
7.484270304521142281e-01 2.161011941652329904e-01
8.769377305171802695e-01 6.547348023610236600e-01
5.723096876164487368e-01 4.353511866378322326e-01
2.356625559101513945e-01 6.796765652611461705e-01
6.575319557415422178e-01 7.001428672054842428e-01
1.909950732146196151e-01 2.149122793208004811e-01
8.573394006153600699e-01 1.841907292549470609e-01
1.991135806603772096e-01 7.398793135654194719e-01
7.988270428312891358e-01 5.956754545533503586e-01
8.531034817861220532e-01 8.520649321016648958e-02
9.104309922532549670e-02 8.331795823322132311e-01
3.102485590778530922e-01 3.748268794078557509e-02
3.596088757797585300e-01 9.564581836163396078e-01
6.015874123823552466e-01 6.211015876983487782e-01
9.292294498601697539e-01 6.127869084174908387e-02
9.199824105080610659e-01 5.553140067323636409e-01
1.195146190500914196e-01 6.239255824085665481e-01
1.715038730654357968e-01 4.549573116964220620e-01
9.461414503533769338e-01 2.817691754438874652e-01
4.064593162143196325e-01 5.494565441972222297e-01
2.276999109214442596e-01 5.541224426819466586e-01
2.396525983279786942e-01 7.804386835944385759e-01
7.168803084190290553e-01 8.505672366565071307e-01
3.175174485422337378e-01 4.032639832719370210e-01
6.047183339421424719e-02 4.385081630892830873e-01
7.455872385739383823e-01 5.056270264090834132e-03
5.896375643311024817e-02 7.616774762025380063e-03
3.979464205287857048e-01 2.227829151896658644e-01
4.377319566396299377e-01 5.434816772745378888e-01
4.306185367890029703e-01 7.481228975579956586e-02
9.213323145827941874e-01 8.411629727694571734e-01
6.151543187588917050e-01 3.063840847378529464e-02
7.966181094538715701e-02 6.470274897008214676e-01
1.123300595431118154e-01 4.231257250305821005e-01
7.542188239666941518e-01 4.518131390218786958e-01
8.889707291977314574e-01 6.119710175189821966e-01
4.380751156976598892e-01 4.070915482458414836e-01
8.462791892311932740e-01 3.900640595217793605e-01
5.078890642194990868e-01 1.612234364013527266e-01
1.416843447682647472e-02 5.287778631888664371e-01
2.926852249581330945e-01 3.408823711873000262e-01
8.182389707369939202e-01 7.353005938518891726e-01
5.488510204594563291e-01 5.116751696806065564e-02
8.288486943835449150e-02 4.904211315611191058e-01
9.714067424572325748e-01 4.988478577251620472e-01
8.125646092417493360e-02 4.002363776673514284e-01
1.183081190908871205e-01 3.826601873837247592e-01
2.733458778069153272e-02 2.484951179417759226e-01
6.497375851204040265e-01 5.599228107475281435e-01
1.996977543702856961e-01 8.542184881884962167e-03
5.948081542372271047e-01 2.933477874238528127e-01
5.459438288601986544e-01 4.774127313513942816e-02
9.196439494256328784e-01 9.173596264968205682e-01
2.663824464203653486e-01 8.467465181554012510e-02
4.189832456009775496e-01 7.256509459120448202e-01
1.461113613937994327e-01 4.772112745537859801e-01
6.433528111269068983e-01 4.982324663047921209e-01
1.600750919573340481e-01 8.690440517682510579e-01
5.969776099501865607e-01 5.750707745959594552e-01
1.899819363506732861e-01 7.916506782420118515e-01
9.280084975621430976e-01 9.721364848911857592e-01
4.497575195796595926e-01 4.956915626629215810e-01
6.452001811701278955e-01 9.591500917980014806e-01
5.756578077692856565e-01 9.217444845131033127e-01
7.193061830910081333e-01 3.532989111558129114e-01
3.997099301271872518e-01 7.078202162997294655e-01
9.485533875014995342e-02 5.867122920162842759e-01
7.999259820533244358e-02 3.634286139382504333e-01
4.076185005622990909e-01 3.394849471592583656e-01
6.071273463845150431e-02 3.399979575148452948e-01
3.311114799086697369e-01 6.510769355180221485e-01
9.323259148315498068e-01 5.403313535182494576e-01
3.152346660761460306e-01 7.612831168013701744e-01
1.535405848314592703e-01 9.477955762550542840e-01
2.440923259608496210e-02 8.986334516597216382e-01
7.236821787278564511e-01 9.054533867498062438e-01
5.934164347504234938e-01 6.719014640233134106e-01
1.000965940451935543e-01 4.252105022846160987e-01
5.893093351939310276e-01 9.854983941172391626e-01
4.731916930522759301e-01 2.490854393804409206e-01
2.694948934161081056e-01 1.768388947566584823e-01
7.504164739829655151e-02 6.749725571492097842e-01
9.926377986103840367e-02 1.856879891214824330e-01
1.136621791488632294e-01 6.695656206292598389e-01
7.761511574352895071e-01 4.628031276504854796e-01
1.384623746099911124e-01 4.245678549141064240e-01
4.836836402886484088e-01 2.128075686295176627e-01
8.928720479245312314e-01 2.465619393587630270e-01
8.681223872937556818e-01 1.901816663877434754e-01
4.895140758312261919e-01 8.206388734313008193e-01
3.723870602843224464e-01 2.911559369691930632e-01
5.899919838756084722e-02 3.876485555705981856e-01
9.239129797652290144e-01 2.064842208893159503e-01
8.960035188696118258e-01 7.331213238973837143e-01
6.674341501480181016e-01 4.148950267792828051e-03
2.780921272799603550e-01 5.957762688859539191e-01
4.029601426059663538e-01 8.481690207420035099e-01
4.928368783691428057e-01 5.705528695949112494e-01
7.193633959303287195e-01 1.523964212753967651e-01
8.871215397114384782e-01 7.158284303686596184e-01
4.888239315879350233e-01 8.577416800810200304e-01
2.142204566147967171e-01 7.762927023552387285e-01
4.634540387024947972e-01 7.133710275952459545e-01
6.159877627903288522e-01 5.007158306175291118e-01
4.419661313724195795e-01 8.436541718509138477e-01
4.668471919587614538e-01 4.681827577432843279e-01
2.126716955130758535e-01 2.933315408852494865e-01
6.845931712224205823e-01 5.873388214420074416e-01
5.081282399106179515e-01 9.755910273113865827e-02
3.787762601477874247e-01 8.751825789555109925e-01
8.355006627309782274e-01 8.469144109918672614e-01
1.426239790216088377e-01 2.285735176609043906e-01
2.790208100759130616e-01 4.692464859683046496e-01
8.507786860988609812e-01 8.263168611855050694e-01
7.349551997191157149e-01 6.080338374000266999e-01
2.784225549356529328e-01 6.085413359135254385e-01
2.979637980994330748e-01 9.826855566580006140e-02
4.488350189648057098e-01 8.896790259106668319e-01
6.548391619288754795e-01 3.187499976655306932e-01
1.655822487194044124e-01 4.206122409745449708e-02
9.374763627213853479e-01 5.148239649734653867e-03
1.893158951748971086e-01 9.599010586814017421e-01
4.072661258933802930e-01 6.552747949102514236e-01
2.034112840100734676e-01 6.759846194642360473e-01
9.889469004888694625e-01 3.964135238138040140e-01
2.074900435406785704e-01 6.435769502354276028e-01
7.243671423434416834e-01 2.876700884854682672e-01
3.345928731466096817e-02 8.454836906525765583e-01
1.282709790994074339e-01 6.337133982664815424e-01
7.238959887117876191e-01 6.733282812769425529e-01
9.362320880727291739e-01 1.584690860242732313e-02
9.661357245690505025e-04 8.734026706835756881e-01
1.092787680282701901e-01 7.866724157407212203e-01
4.171422592005381569e-01 9.925955821025241876e-01
7.133666968654590601e-01 3.249924409364542965e-01
7.871512416665118472e-01 7.900844398528832357e-01
4.484858033313638970e-01 7.453257319526871427e-01
4.093308974652032362e-01 8.932139518998579719e-01
9.257362582411178265e-01 3.288066716856504756e-01
2.553557786129231344e-01 5.083948137376692600e-02
7.359048464121782374e-01 7.110185059787921258e-02
4.855137153462856237e-01 5.450391473626832184e-01
5.648381676149863972e-01 1.787973444411631307e-01
5.794004839483418712e-01 7.188522979253316736e-01
9.295824131713391614e-01 8.596485816197786400e-01
4.666767964339718633e-01 3.540501352560951887e-01
6.992042652082334220e-01 3.871957330625557248e-01
6.186403778721550895e-01 4.482561597141265786e-01
3.314325594920478624e-01 5.106026730260141422e-01
2.145911480873227140e-01 5.597290399290545393e-01
2.006630336690148342e-01 3.207292248331158335e-01
9.937975916593416725e-01 3.385384658133003821e-01
2.618476543180126015e-01 5.809273512206538648e-01
2.474685758920415202e-01 3.805665075540842768e-02
1.673957678284956341e-01 8.134585982981604735e-01
7.635174738883390155e-01 8.866032440631275158e-01
3.054850186319476579e-01 9.126326747838485742e-01
8.753079871166735693e-02 6.085705987089974345e-01
1.763913068054397959e-01 3.083189854700894017e-01
6.622321227829464085e-01 2.880270093886344585e-01
8.995543203307723168e-01 1.796521935282585636e-01
3.872407476682308003e-01 6.799090307536415079e-02
7.867621097967583133e-01 5.740793536713906242e-01
9.721340736232000346e-01 6.179809018982969082e-01
9.713908132453866751e-01 4.855790568952004227e-01
4.189665612872793821e-01 2.585631623181627869e-01
6.884428161258658863e-01 1.239400803897079406e-01
9.953070412774696063e-01 6.003641893329207946e-01
2.709297481569749033e-01 4.078190660165162962e-01
9.742440699096533985e-01 3.232168995964002089e-01
8.179856580685439527e-01 4.395279583154387826e-02
3.415817600444326363e-01 1.950357224040647486e-01
1.901358930242358358e-02 6.240094657402611711e-01
1.088570763824255883e-01 3.414901894508828306e-01
8.285755213208064740e-01 4.706362884010728553e-01
4.073452899864100640e-01 9.309816694670289827e-01
7.229072742916298200e-02 9.866157529075163524e-01
4.607502213333303231e-02 7.872689213164207889e-02
5.692693884249576675e-01 7.169290776826287015e-01
1.491888462611271615e-01 5.944939446503875180e-01
2.320870871830024162e-01 6.437196941392735461e-01
1.019701483399400033e-01 7.733462755329896243e-01
4.219709234825362865e-01 7.218784353884131200e-01
4.958040006685437984e-02 5.022612210134943522e-01
9.073298961160285447e-01 1.862101643266304007e-01
4.074046246354854350e-01 8.889962113400627919e-01
9.838214155636441083e-01 5.617207112996330798e-01
3.782566481303325512e-01 9.577441326232194463e-02
2.348123253971488023e-01 7.932633337602198464e-01
3.388566084576460913e-01 8.207485183370494264e-01
1.516341657309192570e-01 9.682639943066346788e-01
5.983589484486723231e-01 4.098244000383637342e-01
2.579948603027130138e-01 1.590375075789636217e-01
7.051633043584937255e-01 4.062758146431222350e-02
9.311172541807336556e-01 5.843897145754005651e-01
1.923219442375625476e-01 2.028854642469894998e-01
4.537096900430855895e-01 3.046219404254918439e-01
4.358965520795875515e-01 7.430077889573342143e-01
1.310921267408693414e-02 1.960325318734938982e-01
5.610273788195249134e-01 2.216635588912431176e-01
7.670484277472577883e-01 7.538040353054717979e-01
5.053928633272659621e-01 6.722688000556000798e-01
8.921878387413428868e-03 6.050452772555702241e-01
2.430147133382233315e-01 1.050974496302594652e-01
3.247335592237772239e-01 1.197651233133901760e-01
7.910823770545638567e-01 1.730906913764976851e-01
7.455815255208116943e-01 1.652368430420986245e-01
9.221595396564424840e-01 8.991106857521441453e-01
4.528900207793769006e-01 6.718602234521364736e-02
2.413889061299373529e-01 1.723826834519668338e-01
2.031942190964926009e-01 1.200357081930435443e-01
7.351356535209605525e-01 6.390747731158485934e-02
4.719715022892548850e-01 7.493763926353949056e-01
7.444816938456745303e-01 8.864960184198847903e-01
9.721362719465916902e-01 7.381223020945035795e-01
6.487980412845871792e-01 1.673556033242524776e-01
2.471105246535517663e-01 6.424588593334579212e-01
8.756874221291154337e-01 1.263255226947427312e-01
6.420598966091417559e-01 7.317318964891310618e-01
6.428494336181646007e-01 1.174135080407975318e-01
4.140133499781269988e-01 3.665637819190843416e-01
5.505819219587496649e-01 5.164344733270216370e-01
6.135430231961741532e-01 9.984996186768242410e-01
8.784270063693832009e-01 9.707155984314088659e-01
4.112779586759779393e-01 3.855195354624156856e-01
3.640635132995118095e-01 9.166028172186702072e-01
3.656675893000599364e-01 4.484378933015868984e-01
5.584366183396032302e-01 6.794842652520611814e-01
1.193057255904805825e-01 5.571359343309320034e-01
3.082528927705865396e-01 5.088128837892336165e-01
9.180802467618141005e-01 1.984658231661166061e-01
6.734217811904508189e-01 7.648126739395531004e-01
