18.333333 22.944444 22.981481 24.827160 27.275720   
20.444444 10.847222 8.457176 14.071084 21.448935   
21.148148 7.998843 4.114005 10.296272 18.248402   
19.882716 15.470390 13.396099 20.173093 24.140498   
25.609053 32.686975 34.970078 38.806297 20.982265   
  
14.462963 24.633573 30.201628 35.506170 31.920467   
15.486111 14.143926 15.632661 20.721009 23.629960   
14.455890 12.046052 12.842771 17.996319 21.922259   
18.511778 19.160226 21.786542 25.682414 22.862313   
25.277442 36.536458 44.211822 40.932323 21.264879   
  
13.373228 27.665408 38.446899 45.100066 36.554116   
13.991015 17.333784 22.336116 27.265615 28.580663   
14.849615 16.046599 19.541394 23.602920 25.015299   
19.762428 23.533007 28.242159 28.909929 25.063369   
27.988098 44.726609 53.000386 46.576436 23.879935   
  
13.885474 32.551418 48.238070 55.019395 43.392165   
15.356291 21.572606 29.154421 34.089350 34.165605   
17.055106 20.425528 25.356257 28.342709 29.190561   
22.858737 29.063258 34.082457 33.516243 28.862246   
33.378921 54.560212 63.412834 54.733726 27.865324   
  
15.969236 39.719611 59.484546 66.792965 51.897432   
18.198983 26.874636 36.451197 41.438119 40.842037   
20.494416 25.447142 31.080876 33.806450 34.503578   
27.645532 35.433836 40.860947 39.565842 33.978248   
40.641785 66.324334 76.237324 65.188641 33.055629   
  
19.306198 48.769055 72.779184 80.784019 62.271566   
22.225083 33.223119 44.630325 50.015708 48.930284   
25.105919 31.210938 37.627165 40.428073 41.112202   
33.727180 43.030849 49.115295 47.177564 40.448465   
49.606856 80.551404 91.879786 78.128182 39.525549   
  
23.664713 59.757957 88.574569 97.580543 74.879669   
27.331250 40.732617 54.237515 60.294104 58.761992   
30.756456 38.036772 45.454414 48.509571 49.240009   
41.131387 52.208715 59.180120 56.566584 48.444047   
60.480250 97.714440 110.867761 93.946521 47.463523   
  
29.029736 72.939057 107.490518 117.844018 90.184177   
33.506270 49.679903 65.729735 72.711329 70.711838   
37.558143 46.225294 54.911180 58.357275 59.171054   
50.082369 63.300556 71.411520 68.039841 58.224806   
73.578622 118.412486 133.871515 113.186352 57.137053   
  
35.481776 88.743606 130.243281 142.336767 108.744986   
40.906607 60.401310 79.566775 87.743164 85.219734   
45.738090 56.087784 66.355839 70.327474 71.257338   
60.872423 76.696053 86.240812 81.994861 70.129751   
89.342838 143.384563 161.716165 136.531021 68.886924   
  
43.216738 107.734723 157.674276 171.959530 131.236762   
49.785379 73.293665 96.266736 105.943369 102.812490   
55.581862 67.981855 80.204219 84.849947 85.930729   
73.873584 92.870203 104.196362 98.926770 84.581474   
108.330957 173.530533 195.405816 164.818757 83.133411   
  
52.506701 130.601866 190.786222 207.790723 158.473990   
60.460743 88.827800 116.440402 127.973390 124.126036   
67.438727 82.335237 96.955487 102.446594 103.718035   
89.546629 112.402191 125.922566 119.442348 102.097931   
131.226343 209.940190 236.157412 199.069053 100.388995   
  
63.687536 158.175967 230.782427 251.129073 191.441388   
73.318021 107.567407 140.819678 154.630345 149.929923   
81.733296 99.664595 117.213358 123.751022 125.259625   
108.453943 135.995324 152.202110 144.280029 123.309550   
158.856700 253.930621 285.443619 240.518010 121.275853   
  
77.164663 191.457066 279.112146 303.542500 231.330144   
88.821789 130.190782 170.286658 186.877525 181.155765   
98.980109 120.594893 141.708671 149.531463 151.332259   
131.277378 164.501251 183.983393 174.335604 148.981239   
192.221688 307.092901 345.045601 290.662401 146.547880   
  
93.426285 231.650300 337.524120 366.925797 279.581321   
107.532392 157.516061 205.906594 225.879905 218.931162   
119.801554 145.881884 171.325833 180.718400 182.876934   
158.841498 198.949919 222.414239 210.694070 180.039628   
232.528233 371.349291 417.117243 351.313504 177.117711   
  
113.060897 280.209770 408.130484 443.569651 337.938106   
130.126171 190.531105 248.966832 273.046511 264.620517   
144.949851 176.439177 207.134662 218.438044 221.032730   
192.142668 240.586344 268.883080 254.668564 217.606335   
281.233910 449.022660 504.262965 424.662448 214.089594   
  
136.778647 338.891382 493.483508 536.243697 408.508887   
157.419868 230.429315 301.023499 330.081439 319.874352   
175.333904 213.371056 250.428920 264.052913 267.177867   
232.384719 290.915379 325.068957 307.847663 263.038375   
340.099587 542.920480 609.631861 513.359335 258.799237   
  
165.437083 409.816498 596.668058 648.296748 493.843478   
190.400101 278.652788 363.957801 399.045454 386.688933   
212.051959 258.012261 302.772983 319.210992 322.979433   
281.022308 351.756001 393.002127 372.152707 317.977126   
411.253095 656.436338 737.031516 620.608979 312.862035   
  
200.072199 495.548713 721.413200 783.777883 597.025265   
230.258982 336.944440 440.044019 482.430457 467.478385   
256.431184 311.976152 366.058322 385.905230 390.453580   
339.813427 425.307011 475.137389 449.907181 384.407599   
497.266160 793.672629 891.065627 750.286703 378.231434   
  
241.935899 599.186566 872.227032 947.582794 721.782627   
278.437174 407.410978 532.031697 583.249526 565.161911   
310.075584 377.212974 442.571823 466.545528 472.038346   
410.882918 514.226478 574.442777 543.920652 464.730144   
601.247371 959.588836 1077.300370 907.078361 457.269501   
  
292.541247 724.475543 1054.559623 1145.630716 872.623662   
336.675936 492.599038 643.245002 705.145789 683.269266   
374.923943 456.080320 535.078407 564.045798 570.681736   
496.799264 621.727799 694.506807 657.590277 561.847172   
726.954547 1160.180780 1302.465554 1096.649665 552.832279   
  
353.717160 875.943456 1274.999985 1385.078330 1054.999087   
407.080047 595.587206 777.702847 852.524060 826.068294   
453.319877 551.428322 646.920944 681.929254 689.948240   
600.667408 751.695829 839.668151 795.023561 679.268027   
878.930548 1402.697305 1574.697817 1325.850915 668.372980   
  
427.674501 1059.064080 1541.514187 1674.578384 1275.499198   
492.193861 720.097278 940.264117 1030.710012 998.719150   
548.096530 666.702645 782.141042 824.455714 834.147630   
726.240969 908.827268 1015.172422 961.186769 821.235793   
1062.667451 1695.902241 1903.834654 1602.964534 808.066776   
  
517.085980 1280.454966 1863.733236 2024.592367 1542.092017   
595.093263 870.628748 1136.803260 1246.142623 1207.460757   
662.678959 806.069004 945.625100 996.775530 1008.490693   
878.057893 1098.800390 1227.361728 1162.084396 992.880622   
1284.805033 2050.391104 2301.769911 1938.004367 976.961663   
  
625.182743 1548.116587 2253.301106 2447.768552 1864.411225   
719.496817 1052.621417 1374.422561 1506.606850 1459.836256   
801.207904 974.563703 1143.280881 1205.115705 1219.277528   
1061.604443 1328.480244 1483.903858 1404.976138 1200.405109   
1553.370711 2478.973991 2782.883589 2343.077538 1181.160883   
  
755.871134 1871.721456 2724.295520 2959.399061 2254.104285   
869.900152 1272.651968 1661.708805 1821.514957 1764.965590   
968.689432 1178.275631 1382.251000 1457.004906 1474.125202   
1283.513463 1606.166736 1794.069366 1698.639230 1451.308438   
1878.069636 2997.138494 3364.561486 2832.821961 1428.043466   
  
913.873869 2262.963665 3293.736675 3577.972468 2725.253340   
1051.738423 1538.671631 2009.043566 2202.246632 2133.875058   
1171.175839 1424.566301 1671.171035 1761.545525 1782.243007   
1551.804070 1941.894558 2169.066577 2053.685625 1754.657366   
2270.635410 3623.609376 4067.823461 3424.935297 1726.530888   
  
1104.900696 2735.981470 3982.202293 4325.841909 3294.884088   
1271.582722 1860.293515 2428.978369 2662.560215 2579.895770   
1415.984365 1722.335868 2020.481585 2129.742608 2154.765248   
1876.171444 2347.795816 2622.446622 2482.945473 2121.413870   
2745.254097 4381.025222 4918.083017 4140.814489 2087.409453   
  
1335.854731 3307.868212 4814.571237 5230.032852 3983.581037   
1537.377537 2249.139996 2936.688258 3219.089872 3119.145386   
1711.961616 2082.344753 2442.805560 2574.901538 2605.153598   
2268.337177 2838.538444 3170.593124 3001.930755 2564.831269   
3319.076870 5296.756523 5946.065662 5006.328969 2523.720079   
  
1615.081916 3999.290007 5820.922547 6323.219706 4816.231354   
1858.727843 2719.262715 3550.520174 3891.946701 3771.110551   
2069.803258 2517.602494 2953.404332 3113.108847 3149.683555   
2742.472857 3431.856249 3833.314250 3629.395834 3100.933156   
4012.839796 6403.894751 7188.919225 6052.755497 3051.229551   
  
1952.672617 4835.232558 7037.622396 7644.906559 5822.924202   
2247.246197 3287.650356 4292.655946 4705.445476 4559.351078   
2502.440516 3043.837863 3570.729227 3763.813523 3808.032586   
3315.712187 4149.189763 4634.558512 4388.015172 3749.092436   
4851.613165 7742.448183 8691.556251 7317.908392 3689.000276   
  
